0 0 0 0
2 0 0 0
0 0 0 0
0 0 0 0
u

2 0 0 0
0 0 0 2
0 0 0 0
0 0 0 0
l

2 0 0 0
2 0 0 0
0 2 0 0
0 0 0 0
u

4 2 0 0
0 0 0 0
0 0 0 0
0 0 2 0
r

0 0 4 2
0 0 0 0
2 0 0 0
0 0 0 2
r

0 0 4 2
0 0 0 2
0 0 0 2
0 0 0 2
u

0 0 4 4
0 0 2 4
0 0 0 0
0 0 0 0
l

8 0 0 0
2 4 0 0
0 0 0 2
0 0 0 0
u

8 4 0 2
2 0 4 0
0 0 0 0
0 0 0 0
r

0 8 4 2
0 0 2 4
4 0 0 0
0 0 0 0
l

8 4 2 0
2 4 0 0
4 0 0 2
0 0 0 0
u

8 8 2 2
2 0 2 0
4 0 0 0
0 0 0 0
r

0 0 16 4
0 0 0 4
0 0 0 4
2 0 0 0
u

2 0 16 8
0 0 0 4
0 0 0 0
2 0 0 0
l

2 16 8 0
4 0 0 0
0 0 0 2
2 0 0 0
u

2 16 8 2
4 0 0 0
2 0 0 0
0 0 0 2
u

2 16 8 4
4 0 0 0
2 2 0 0
0 0 0 0
r

2 16 8 4
0 0 0 4
0 0 0 4
0 0 2 0
u

2 16 8 8
0 0 2 4
0 0 0 0
2 0 0 0
l

2 16 16 0
2 4 0 0
0 0 2 0
2 0 0 0
u

4 16 16 0
2 4 2 0
0 0 0 0
2 0 0 0
u

4 16 16 0
4 4 2 0
2 0 0 0
0 0 0 0
r

0 0 4 32
2 0 8 2
0 0 0 2
0 0 0 0
u

2 0 4 32
0 2 8 4
0 0 0 0
0 0 0 0
l

2 4 32 2
2 8 4 0
0 0 0 0
0 0 0 0
r

2 4 32 2
0 2 8 4
2 0 0 0
0 0 0 0
l

2 4 32 2
2 8 4 0
2 0 4 0
0 0 0 0
u

4 4 32 2
2 8 8 0
0 0 0 0
0 0 0 2
r

0 8 32 2
2 0 2 16
0 0 0 0
0 0 0 2
u

2 8 32 2
0 0 2 16
0 2 0 2
0 0 0 0
l

2 8 32 2
2 16 0 0
4 2 0 0
0 0 0 0
r

2 8 32 2
0 0 2 16
2 0 4 2
0 0 0 0
u

4 8 32 2
0 0 2 16
0 0 4 2
0 0 2 0
l

4 8 32 2
2 16 0 0
4 2 2 0
2 0 0 0
u

4 8 32 2
2 16 2 0
4 2 0 0
2 2 0 0
u

4 8 32 2
2 16 2 0
4 4 2 0
2 0 0 0
u

4 8 32 2
2 16 4 0
4 4 2 0
2 0 0 0
r

4 8 32 2
0 2 16 4
0 0 8 2
0 0 2 2
u

4 8 32 2
0 2 16 4
2 0 8 4
0 0 2 0
l

4 8 32 2
2 16 4 0
2 8 4 0
2 0 0 2
u

4 8 32 4
4 16 8 0
2 8 0 0
0 0 2 0
u

8 8 32 4
2 16 8 0
0 8 2 0
2 0 0 0
u

8 8 32 4
4 16 8 0
0 8 2 0
0 0 2 0
r

0 16 32 4
2 4 16 8
0 0 8 2
0 0 0 2
u

2 16 32 4
0 4 16 8
0 2 8 4
0 0 0 0
l

2 16 32 4
4 16 8 0
2 8 4 0
0 2 0 0
r

2 16 32 4
4 4 16 8
0 2 8 4
0 0 0 2
l

2 16 32 4
8 16 8 0
2 8 4 0
2 2 0 0
u

2 32 32 4
8 8 8 0
4 2 4 0
0 2 0 0
r

0 2 64 4
0 2 8 16
0 4 2 4
0 0 0 2
u

4 4 64 4
0 4 8 16
0 0 2 4
0 0 0 2
l

8 64 4 0
4 8 16 2
2 4 0 0
2 0 0 0
u

8 64 4 2
4 8 16 0
4 4 0 2
0 0 0 0
u

8 64 4 4
8 8 16 0
0 4 0 2
0 0 0 0
r

0 8 64 8
2 0 16 16
0 0 4 2
0 0 0 0
l

8 64 8 0
2 32 0 0
4 2 0 2
0 0 0 0
r

0 8 64 8
0 0 2 32
4 0 4 4
0 0 0 0
l

8 64 8 2
2 32 0 0
8 4 0 0
0 0 0 0
r

8 64 8 2
0 0 2 32
0 0 8 4
0 0 2 0
l

8 64 8 2
2 32 0 0
8 4 4 0
2 0 0 0
r

8 64 8 2
0 0 2 32
0 0 8 8
0 4 0 2
u

8 64 8 2
0 4 2 32
2 0 8 8
0 0 0 2
l

8 64 8 2
4 2 32 0
2 16 0 0
2 0 2 0
u

8 64 8 2
4 2 32 0
4 16 2 2
0 0 0 0
u

8 64 8 4
8 2 32 0
0 16 2 0
0 2 0 0
r

8 64 8 4
0 8 2 32
0 0 16 2
0 2 0 2
u

8 64 8 4
0 8 2 32
0 2 16 4
0 0 0 4
u

8 64 8 4
0 8 2 32
0 2 16 8
0 0 2 0
l

8 64 8 4
8 2 32 0
2 16 8 0
2 0 4 0
u

16 64 8 4
4 2 32 0
0 16 8 0
0 2 4 0
r

16 64 8 4
0 4 2 32
0 2 16 8
0 0 2 4
l

16 64 8 4
4 2 32 0
2 16 8 2
2 4 0 0
u

16 64 8 4
4 2 32 2
4 16 8 0
0 4 2 0
r

16 64 8 4
4 2 32 2
0 4 16 8
0 2 4 2
l

16 64 8 4
4 2 32 2
4 16 8 0
2 4 2 2
u

16 64 8 4
8 2 32 4
2 16 8 0
2 4 2 0
u

16 64 8 8
8 2 32 0
4 16 8 0
0 4 2 2
r

0 16 64 16
0 8 2 32
0 4 16 8
2 0 4 4
u

2 16 64 16
0 8 2 32
2 4 16 8
0 0 4 4
u

4 16 64 16
2 8 2 32
0 4 16 8
0 0 4 4
l

4 16 64 16
2 8 2 32
4 16 8 2
8 0 0 0
r

4 16 64 16
2 8 2 32
4 16 8 2
0 2 0 8
l

4 16 64 16
2 8 2 32
4 16 8 2
2 8 2 0
r

4 16 64 16
2 8 2 32
4 16 8 2
2 2 8 2
u

4 16 64 16
2 8 2 32
4 16 16 4
2 2 0 2
r

4 16 64 16
2 8 2 32
2 4 32 4
0 0 2 4
u

4 16 64 16
4 8 2 32
0 4 32 8
0 0 2 2
u

8 16 64 16
0 8 2 32
0 4 32 8
0 2 2 2
l

8 16 64 16
8 2 32 2
4 32 8 0
4 2 0 0
u

16 16 64 16
8 2 32 2
0 32 8 0
2 2 0 0
r

0 32 64 16
8 2 32 2
0 0 32 8
0 0 2 4
u

8 32 64 16
0 2 64 2
0 0 2 8
0 0 2 4
u

8 32 128 16
0 2 4 2
0 2 0 8
0 0 0 4
u

8 32 128 16
2 4 4 2
0 0 0 8
0 0 0 4
l

8 32 128 16
2 8 2 0
8 2 0 0
4 0 0 0
r

8 32 128 16
0 2 8 2
0 0 8 2
0 2 0 4
u

8 32 128 16
0 4 16 4
2 0 0 4
0 0 0 0
u

8 32 128 16
2 4 16 8
0 0 0 0
2 0 0 0
u

8 32 128 16
4 4 16 8
0 0 0 0
0 0 2 0
l

8 32 128 16
8 16 8 0
2 0 0 0
2 0 0 0
u

16 32 128 16
4 16 8 0
0 0 0 2
0 0 0 0
r

16 32 128 16
0 4 16 8
2 0 0 2
0 0 0 0
l

16 32 128 16
4 16 8 0
4 0 0 0
0 0 2 0
u

16 32 128 16
8 16 8 0
0 0 2 0
0 2 0 0
r

16 32 128 16
0 8 16 8
0 2 0 2
0 0 0 2
u

16 32 128 16
0 8 16 8
0 2 2 4
0 0 0 0
l

16 32 128 16
8 16 8 0
4 4 0 2
0 0 0 0
r

16 32 128 16
0 8 16 8
0 0 8 2
2 0 0 0
l

16 32 128 16
8 16 8 0
8 2 0 0
2 0 0 2
u

16 32 128 16
16 16 8 2
2 2 0 0
0 2 0 0
r

16 32 128 16
0 32 8 2
0 0 0 4
2 0 0 2
u

16 64 128 16
2 0 8 2
2 0 0 4
0 0 0 2
u

16 64 128 16
4 0 8 2
0 0 2 4
0 0 0 2
l

16 64 128 16
4 8 2 0
2 4 0 0
2 2 0 0
u

16 64 128 16
4 8 2 0
4 4 0 0
0 2 0 2
r

16 64 128 16
0 4 8 2
0 0 2 8
0 0 0 4
l

16 64 128 16
4 8 2 0
2 8 0 0
4 0 2 0
u

16 64 128 16
4 16 4 0
2 0 0 0
4 0 0 2
u

16 64 128 16
4 16 4 2
2 0 0 0
4 0 2 0
u

16 64 128 16
4 16 4 2
2 0 2 4
4 0 0 0
r

16 64 128 16
4 16 4 2
0 0 4 4
2 0 0 4
u

16 64 128 16
4 16 8 2
2 2 0 8
0 0 0 0
r

16 64 128 16
4 16 8 2
0 0 4 8
0 2 0 0
l

16 64 128 16
4 16 8 2
4 8 0 0
2 2 0 0
u

16 64 128 16
8 16 8 2
2 8 0 2
0 2 0 0
r

16 64 128 16
8 16 8 2
0 2 8 2
0 2 0 2
u

16 64 128 16
8 16 16 4
0 4 0 2
0 0 0 2
u

16 64 128 16
8 16 16 4
2 4 0 4
0 0 0 0
r

16 64 128 16
0 8 32 4
0 0 2 8
2 0 0 0
u

16 64 128 16
2 8 32 4
0 0 2 8
0 2 0 0
l

16 64 128 16
2 8 32 4
2 8 0 0
2 0 0 2
u

16 64 128 16
4 16 32 4
2 0 0 2
0 0 0 2
l

16 64 128 16
4 16 32 4
4 0 2 0
2 0 0 0
u

16 64 128 16
8 16 32 4
2 0 2 0
0 2 0 0
r

16 64 128 16
8 16 32 4
0 0 0 4
0 0 2 2
u

16 64 128 16
8 16 32 8
0 0 2 2
0 0 4 0
l

16 64 128 16
8 16 32 8
4 0 0 0
4 0 0 2
u

16 64 128 16
8 16 32 8
8 0 0 2
0 0 0 4
u

16 64 128 16
16 16 32 8
0 0 0 2
0 0 2 4
u

32 64 128 16
0 16 32 8
0 2 2 2
0 0 0 4
l

32 64 128 16
16 32 8 0
4 2 0 0
4 0 0 2
u

32 64 128 16
16 32 8 2
8 2 0 0
0 2 0 0
r

32 64 128 16
16 32 8 2
0 0 8 2
0 0 2 2
u

32 64 128 16
16 32 16 4
0 0 2 2
2 0 0 0
l

32 64 128 16
16 32 16 4
4 0 0 0
2 2 0 0
r

32 64 128 16
16 32 16 4
0 0 0 4
2 0 0 4
u

32 64 128 16
16 32 16 8
2 0 0 4
0 0 4 0
l

32 64 128 16
16 32 16 8
2 4 4 0
4 0 0 0
r

32 64 128 16
16 32 16 8
0 0 2 8
2 0 0 4
u

32 64 128 16
16 32 16 16
2 0 2 4
0 0 0 2
l

32 64 128 16
16 32 32 0
4 4 0 2
2 0 0 0
r

32 64 128 16
0 0 16 64
2 0 8 2
0 0 0 2
u

32 64 128 16
2 0 16 64
0 2 8 4
0 0 0 0
l

32 64 128 16
2 16 64 0
2 8 4 2
0 0 0 0
u

32 64 128 16
4 16 64 2
2 8 4 0
0 0 0 0
r

32 64 128 16
4 16 64 2
0 2 8 4
0 2 0 0
l

32 64 128 16
4 16 64 2
2 8 4 0
2 0 2 0
u

32 64 128 16
4 16 64 2
4 8 4 0
0 2 2 0
r

32 64 128 16
4 16 64 2
0 4 8 4
0 2 0 4
u

32 64 128 16
4 16 64 2
0 4 8 8
4 2 0 0
l

32 64 128 16
4 16 64 2
4 16 2 0
4 2 0 0
u

32 64 128 16
8 32 64 2
4 2 2 0
0 2 0 0
r

32 64 128 16
8 32 64 2
0 0 4 4
0 2 0 2
l

32 64 128 16
8 32 64 2
8 2 0 0
4 0 0 0
u

32 64 128 16
16 32 64 2
4 2 0 0
0 0 2 0
r

32 64 128 16
16 32 64 2
0 0 4 2
0 2 0 2
u

32 64 128 16
16 32 64 4
2 2 4 2
0 0 0 0
r

32 64 128 16
16 32 64 4
0 4 4 2
0 0 0 2
u

32 64 128 16
16 32 64 4
0 4 4 4
0 0 0 2
u

32 64 128 16
16 32 64 8
2 4 4 2
0 0 0 0
r

32 64 128 16
16 32 64 8
0 2 8 2
0 2 0 0
l

32 64 128 16
16 32 64 8
2 8 2 0
2 0 0 2
u

32 64 128 16
16 32 64 8
4 8 2 2
0 0 0 2
r

32 64 128 16
16 32 64 8
0 4 8 4
2 0 0 2
u

32 64 128 16
16 32 64 8
2 4 8 4
2 0 0 2
u

32 64 128 16
16 32 64 8
4 4 8 4
2 0 0 2
r

32 64 128 16
16 32 64 8
0 8 8 4
2 0 0 4
u

32 64 128 16
16 32 64 8
2 8 8 8
0 0 0 2
r

32 64 128 16
16 32 64 8
0 2 8 16
0 0 2 2
l

32 64 128 16
16 32 64 8
2 8 16 2
4 0 0 0
r

32 64 128 16
16 32 64 8
2 8 16 2
2 0 0 4
u

32 64 128 16
16 32 64 8
4 8 16 2
2 0 0 4
r

32 64 128 16
16 32 64 8
4 8 16 2
2 0 2 4
l

32 64 128 16
16 32 64 8
4 8 16 2
4 4 0 2
u

32 64 128 16
16 32 64 8
8 8 16 4
2 4 0 0
r

32 64 128 16
16 32 64 8
0 16 16 4
2 0 2 4
u

32 64 128 16
16 32 64 8
2 16 16 8
0 2 2 0
r

32 64 128 16
16 32 64 8
0 2 32 8
0 0 2 4
u

32 64 128 16
16 32 64 16
2 2 32 4
0 0 2 0
l

32 64 128 16
16 32 64 16
4 32 4 0
2 0 0 2
u

32 64 128 32
16 64 64 2
4 0 4 0
2 2 0 0
u

32 128 128 32
16 2 64 2
4 0 4 2
2 0 0 0
r

0 32 256 32
16 2 64 2
0 0 8 2
0 0 2 2
u

16 32 256 32
0 2 64 4
0 0 8 2
2 0 2 0
l

16 32 256 32
2 64 4 0
8 2 0 0
4 0 0 2
u

16 32 256 32
2 64 4 2
8 2 0 0
4 0 0 4
r

16 32 256 32
2 64 4 2
0 0 8 2
0 2 0 8
u

16 32 256 32
2 64 4 4
0 2 8 8
0 0 2 0
l

16 32 256 32
2 64 8 2
2 16 0 0
2 0 0 0
u

16 32 256 32
4 64 8 2
2 16 0 2
0 0 0 0
r

16 32 256 32
4 64 8 2
0 2 16 2
0 0 0 4
u

16 32 256 32
4 64 8 4
0 2 16 4
0 2 0 0
l

16 32 256 32
4 64 8 4
2 16 4 0
2 0 0 2
u

16 32 256 32
4 64 8 4
4 16 4 2
0 2 0 0
r

16 32 256 32
4 64 8 4
4 16 4 2
2 0 0 2
u

16 32 256 32
8 64 8 4
2 16 4 4
2 0 0 0
u

16 32 256 32
8 64 8 8
4 16 4 0
4 0 0 0
u

16 32 256 32
8 64 8 8
8 16 4 0
0 2 0 0
r

16 32 256 32
0 8 64 16
2 8 16 4
0 0 0 2
u

16 32 256 32
2 16 64 16
0 0 16 4
0 0 2 2
l

16 32 256 32
2 16 64 16
16 4 2 0
4 0 0 0
r

16 32 256 32
2 16 64 16
2 16 4 2
0 0 0 4
u

16 32 256 32
4 32 64 16
0 0 4 2
0 0 2 4
u

16 64 256 32
4 0 64 16
0 2 4 2
0 0 2 4
l

16 64 256 32
4 64 16 4
2 4 2 0
2 4 0 0
u

16 128 256 32
4 8 16 4
4 0 2 0
0 0 0 2
l

16 128 256 32
4 8 16 4
4 2 0 0
2 2 0 0
u

16 128 256 32
8 8 16 4
2 4 0 0
0 0 0 2
r

16 128 256 32
0 16 16 4
0 0 2 4
2 0 0 2
u

16 128 256 32
2 16 16 8
0 0 2 2
0 2 0 0
l

16 128 256 32
2 32 8 0
4 0 0 0
2 2 0 0
u

16 128 256 32
2 32 8 0
4 2 0 0
2 0 0 2
u

16 128 256 32
2 32 8 2
4 2 0 0
2 2 0 0
u

16 128 256 32
2 32 8 2
4 4 0 0
2 0 2 0
r

16 128 256 32
2 32 8 2
2 0 0 8
0 0 0 4
u

16 128 256 32
4 32 8 2
0 0 0 8
0 2 0 4
u

16 128 256 32
4 32 8 2
0 2 0 8
0 0 2 4
u

16 128 256 32
4 32 8 2
0 2 2 8
0 2 0 4
u

16 128 256 32
4 32 8 2
0 4 2 8
2 0 0 4
u

16 128 256 32
4 32 8 2
2 4 2 8
2 0 0 4
u

16 128 256 32
4 32 8 2
4 4 2 8
4 0 0 4
u

16 128 256 32
8 32 8 2
4 4 2 8
0 0 2 4
u

16 128 256 32
8 32 8 2
4 4 4 8
2 0 0 4
r

16 128 256 32
8 32 8 2
0 4 8 8
0 2 2 4
l

16 128 256 32
8 32 8 2
4 16 0 2
4 4 0 0
u

16 128 256 32
8 32 8 4
8 16 0 0
0 4 0 2
r

16 128 256 32
8 32 8 4
0 2 8 16
0 0 4 2
u

16 128 256 32
8 32 16 4
0 2 4 16
0 2 0 2
u

16 128 256 32
8 32 16 4
2 4 4 16
0 0 0 2
l

16 128 256 32
8 32 16 4
2 8 16 0
2 2 0 0
u

16 128 256 32
8 32 32 4
4 8 0 0
0 2 2 0
r

16 128 256 32
0 8 64 4
0 0 4 8
0 0 2 4
l

16 128 256 32
8 64 4 0
4 8 0 0
2 4 0 2
u

16 128 256 32
8 64 4 2
4 8 0 4
2 4 0 0
r

16 128 256 32
8 64 4 2
4 4 8 4
0 0 2 4
u

16 128 256 32
8 64 4 2
4 4 8 8
0 0 2 2
l

16 128 256 32
8 64 4 2
8 16 0 0
4 0 0 2
u

16 128 256 32
16 64 4 4
4 16 0 0
0 2 0 0
r

16 128 256 32
0 16 64 8
0 0 4 16
0 2 0 2
l

16 128 256 32
16 64 8 0
4 16 0 2
4 0 0 0
u

32 128 256 32
8 64 8 2
0 16 0 0
0 0 2 0
r

32 128 256 32
8 64 8 2
0 0 0 16
0 0 2 2
u

32 128 256 32
8 64 8 2
0 0 2 16
0 2 0 2
l

32 128 256 32
8 64 8 2
2 16 0 0
4 0 0 2
u

32 128 256 32
8 64 8 4
2 16 0 2
4 0 0 0
r

32 128 256 32
8 64 8 4
0 2 16 2
0 2 0 4
u

32 128 256 32
8 64 8 4
2 4 16 2
0 0 0 4
l

32 128 256 32
8 64 8 4
2 4 16 2
4 2 0 0
r

32 128 256 32
8 64 8 4
2 4 16 2
0 2 4 2
u

32 128 256 32
8 64 8 4
2 4 16 4
2 2 4 0
u

32 128 256 32
8 64 8 8
4 4 16 2
0 2 4 0
r

32 128 256 32
2 8 64 16
0 8 16 2
0 0 2 4
u

32 128 256 32
2 16 64 16
0 0 16 2
2 0 2 4
u

32 128 256 32
4 16 64 16
0 2 16 2
0 0 2 4
l

32 128 256 32
4 16 64 16
2 16 2 0
2 4 0 2
u

32 128 256 32
4 32 64 16
4 4 2 2
0 0 2 0
r

32 128 256 32
4 32 64 16
2 0 8 4
0 0 0 2
l

32 128 256 32
4 32 64 16
2 8 4 0
2 0 2 0
u

32 128 256 32
4 32 64 16
4 8 4 0
2 0 2 0
u

32 128 256 32
8 32 64 16
2 8 4 0
0 0 2 2
l

32 128 256 32
8 32 64 16
2 8 4 0
4 2 0 0
r

32 128 256 32
8 32 64 16
2 2 8 4
0 0 4 2
l

32 128 256 32
8 32 64 16
4 8 4 0
4 2 0 2
u

32 128 256 32
8 32 64 16
8 8 4 2
0 2 2 0
r

32 128 256 32
8 32 64 16
0 16 4 2
0 4 0 4
l

32 128 256 32
8 32 64 16
16 4 2 0
8 4 0 0
u

32 128 256 32
8 32 64 16
16 8 2 0
8 2 0 0
r

32 128 256 32
8 32 64 16
0 16 8 2
0 2 8 2
u

32 128 256 32
8 32 64 16
0 16 16 4
2 2 0 0
r

32 128 256 32
8 32 64 16
2 0 32 4
0 0 0 4
u

32 128 256 32
8 32 64 16
2 0 32 8
0 0 2 0
l

32 128 256 32
8 32 64 16
2 32 8 2
2 0 0 0
u

32 128 256 32
8 64 64 16
4 2 8 2
0 0 0 0
r

32 128 256 32
0 8 128 16
4 2 8 2
0 2 0 0
l

32 128 256 32
8 128 16 0
4 2 8 2
2 0 0 2
u

32 256 256 32
8 2 16 4
4 2 8 0
2 0 0 0
u

32 256 256 32
8 4 16 4
4 0 8 0
2 0 0 2
r

2 32 512 32
8 4 16 4
0 0 4 8
0 0 0 4
l

2 32 512 32
8 4 16 4
4 8 0 0
4 0 2 0
u

2 32 512 32
8 4 16 4
8 8 2 0
0 0 2 0
r

2 32 512 32
8 4 16 4
0 0 16 2
2 0 0 2
u

2 32 512 32
8 4 32 4
2 0 0 4
0 0 0 2
l

2 32 512 32
8 4 32 4
2 4 0 0
2 2 0 0
u

2 32 512 32
8 8 32 4
4 2 0 2
0 0 0 0
r

2 32 512 32
0 16 32 4
0 0 4 4
0 0 2 0
l

2 32 512 32
16 32 4 0
8 0 0 0
2 0 0 2
u

2 64 512 32
16 0 4 2
8 2 0 0
2 0 0 0
r

2 64 512 32
0 16 4 2
2 0 8 2
0 0 0 2
u

4 64 512 32
0 16 4 4
0 0 8 2
0 2 0 0
l

4 64 512 32
16 8 0 0
8 2 0 2
2 0 0 0
u

4 64 512 32
16 8 0 2
8 2 0 0
2 0 0 2
u

4 64 512 32
16 8 2 4
8 2 0 0
2 0 0 0
r

4 64 512 32
16 8 2 4
0 2 8 2
0 0 0 2
u

4 64 512 32
16 8 2 4
0 2 8 4
0 0 4 0
l

4 64 512 32
16 8 2 4
2 8 4 2
4 0 0 0
u

4 64 512 32
16 16 2 4
2 0 4 2
4 0 0 2
l

4 64 512 32
32 2 4 0
2 4 2 0
4 2 0 2
u

4 64 512 32
32 2 4 2
2 4 2 2
4 2 0 0
u

4 64 512 32
32 2 4 4
2 4 2 2
4 2 0 0
r

4 64 512 32
0 32 2 8
2 2 4 4
0 0 4 2
u

4 64 512 32
2 32 2 8
0 2 8 4
0 2 0 2
u

4 64 512 32
2 32 2 8
0 4 8 4
0 2 0 2
l

4 64 512 32
2 32 2 8
4 8 4 0
4 0 0 2
u

4 64 512 32
2 32 2 8
8 8 4 2
0 0 0 2
r

4 64 512 32
2 32 2 8
0 16 4 2
2 0 0 2
u

4 64 512 32
4 32 2 8
0 16 4 4
2 0 0 0
r

4 64 512 32
4 32 2 8
0 0 16 8
0 2 0 2
u

8 64 512 32
0 32 2 16
2 2 16 2
0 0 0 0
l

8 64 512 32
32 2 16 0
4 16 2 0
0 0 0 2
r

8 64 512 32
0 32 2 16
0 4 16 2
0 0 2 2
u

8 64 512 32
0 32 2 16
2 4 16 4
0 0 2 0
l

8 64 512 32
32 2 16 0
2 4 16 4
2 0 0 2
u

8 64 512 32
32 2 32 4
4 4 0 2
0 0 0 2
r

8 64 512 32
32 2 32 4
2 0 8 2
0 0 0 2
u

8 64 512 32
32 2 32 4
2 0 8 4
4 0 0 0
r

8 64 512 32
32 2 32 4
0 2 8 4
2 0 0 4
u

8 64 512 32
32 4 32 8
2 0 8 4
0 2 0 0
r

8 64 512 32
32 4 32 8
0 2 8 4
2 0 0 2
l

8 64 512 32
32 4 32 8
2 8 4 0
4 0 4 0
r

8 64 512 32
32 4 32 8
2 2 8 4
0 0 0 8
l

8 64 512 32
32 4 32 8
4 8 4 0
8 2 0 0
r

8 64 512 32
32 4 32 8
2 4 8 4
0 0 8 2
u

8 64 512 32
32 8 32 8
2 0 16 4
0 0 2 2
l

8 64 512 32
32 8 32 8
2 16 4 2
4 0 0 0
r

8 64 512 32
32 8 32 8
2 16 4 2
0 2 0 4
l

8 64 512 32
32 8 32 8
2 16 4 2
2 4 2 0
u

8 64 512 32
32 8 32 8
4 16 4 2
0 4 2 2
u

8 64 512 32
32 8 32 8
4 16 4 4
2 4 2 0
r

8 64 512 32
32 8 32 8
2 4 16 8
0 2 4 2
u

8 64 512 32
32 8 32 16
2 4 16 2
0 2 4 2
u

8 64 512 32
32 8 32 16
2 4 16 4
0 2 4 2
l

8 64 512 32
32 8 32 16
2 4 16 4
2 4 2 2
u

8 64 512 32
32 8 32 16
4 8 16 4
2 0 2 2
l

8 64 512 32
32 8 32 16
4 8 16 4
4 2 0 2
u

8 64 512 32
32 16 32 16
8 2 16 4
0 2 0 2
r

8 64 512 32
32 16 32 16
8 2 16 4
0 0 2 4
u

8 64 512 32
32 16 32 16
8 2 16 8
0 0 2 2
l

8 64 512 32
32 16 32 16
8 2 16 8
4 2 0 0
u

8 64 512 32
32 16 32 16
8 4 16 8
4 0 0 2
r

8 64 512 32
32 16 32 16
8 4 16 8
0 2 4 2
l

8 64 512 32
32 16 32 16
8 4 16 8
2 4 2 2
u

8 64 512 32
32 16 32 16
8 8 16 8
2 2 2 2
r

8 64 512 32
32 16 32 16
0 16 16 8
0 2 4 4
l

8 64 512 32
32 16 32 16
32 8 0 2
2 8 0 0
u

8 64 512 32
64 16 32 16
2 16 0 2
0 0 0 2
u

8 64 512 32
64 32 32 16
2 2 0 4
0 0 0 0
r

8 64 512 32
0 64 64 16
0 0 4 4
0 0 0 2
u

8 128 512 32
0 0 64 16
0 0 4 4
0 0 2 2
l

8 128 512 32
64 16 0 0
8 0 0 0
4 2 0 0
u

8 128 512 32
64 16 0 0
8 2 0 0
4 0 0 2
u

8 128 512 32
64 16 0 2
8 2 2 0
4 0 0 0
r

8 128 512 32
0 64 16 2
2 0 8 4
0 0 0 4
u

8 128 512 32
2 64 16 2
0 0 8 8
0 2 0 0
l

8 128 512 32
2 64 16 2
16 0 0 0
2 0 4 0
u

8 128 512 32
2 64 16 2
16 0 4 2
2 0 0 0
r

8 128 512 32
2 64 16 2
0 16 4 2
0 2 0 2
u

8 128 512 32
2 64 16 4
2 16 4 2
0 2 0 0
r

8 128 512 32
2 64 16 4
2 16 4 2
0 0 2 2
u

8 128 512 32
4 64 16 4
0 16 4 4
2 0 2 0
r

8 128 512 32
4 64 16 4
0 0 16 8
0 0 2 4
u

8 128 512 32
4 64 32 4
0 0 2 8
0 0 2 4
u

8 128 512 32
4 64 32 4
0 2 4 8
0 0 0 4
l

8 128 512 32
4 64 32 4
2 4 8 0
4 0 2 0
r

8 128 512 32
4 64 32 4
0 2 4 8
2 0 4 2
u

8 128 512 32
4 64 32 4
2 2 8 8
0 0 2 2
l

8 128 512 32
4 64 32 4
4 16 2 0
4 0 0 0
u

8 128 512 32
8 64 32 4
4 16 2 0
2 0 0 0
u

16 128 512 32
4 64 32 4
2 16 2 0
0 0 2 0
r

16 128 512 32
4 64 32 4
0 2 16 2
0 0 2 2
u

16 128 512 32
4 64 32 4
0 2 16 4
0 0 2 2
u

16 128 512 32
4 64 32 8
2 2 16 2
0 0 2 0
l

16 128 512 32
4 64 32 8
4 16 2 0
2 2 0 0
u

16 128 512 32
8 64 32 8
2 16 2 0
0 2 2 0
r

16 128 512 32
8 64 32 8
0 2 16 2
2 0 0 4
u

16 128 512 32
8 64 32 8
2 2 16 2
0 2 0 4
r

16 128 512 32
8 64 32 8
2 4 16 2
0 0 2 4
l

16 128 512 32
8 64 32 8
2 4 16 2
2 4 4 0
u

16 128 512 32
8 64 32 8
4 8 16 2
0 2 4 0
r

16 128 512 32
8 64 32 8
4 8 16 2
0 2 2 4
l

16 128 512 32
8 64 32 8
4 8 16 2
4 4 0 2
u

16 128 512 32
8 64 32 8
8 8 16 4
0 4 0 4
r

16 128 512 32
8 64 32 8
0 16 16 4
2 0 0 8
l

16 128 512 32
8 64 32 8
32 4 2 0
2 8 0 0
r

16 128 512 32
8 64 32 8
0 32 4 2
0 4 2 8
l

16 128 512 32
8 64 32 8
32 4 2 0
4 2 8 2
u

16 128 512 32
8 64 32 8
32 4 2 2
4 2 8 2
u

16 128 512 32
8 64 32 8
32 4 2 4
4 2 8 2