

Test started at 2015-11-23 15:47:21
Hidden layer topology: [20]
Number of epochs: 1
ANN best tiles: [512, 256, 512, 256, 256, 512, 256, 512, 512, 512, 512, 512, 256, 256, 512, 256, 512, 512, 512, 256, 256, 512, 128, 128, 256, 256, 512, 1024, 512, 512, 256, 512, 512, 256, 256, 512, 512, 512, 128, 256, 512, 512, 512, 256, 256, 256, 256, 512, 256, 256]
ANN average tile: 391.68
Random best tiles: [128, 128, 128, 128, 128, 128, 64, 64, 128, 128, 64, 64, 128, 32, 64, 128, 256, 64, 128, 64, 128, 64, 64, 128, 128, 64, 64, 64, 32, 64, 256, 32, 64, 64, 128, 128, 64, 128, 64, 64, 128, 64, 64, 128, 64, 128, 32, 64, 64, 128]
Random average tile: 96.0

Test started at 2015-11-23 15:50:25
Hidden layer topology: [20]
Number of epochs: 40
ANN best tiles: [512, 512, 256, 128, 512, 128, 512, 512, 256, 512, 256, 256, 256, 256, 512, 512, 128, 256, 256, 256, 512, 512, 512, 256, 512, 256, 256, 256, 256, 512, 512, 128, 256, 512, 512, 512, 256, 1024, 256, 256, 256, 64, 512, 128, 128, 256, 256, 256, 512, 256]
ANN average tile: 349.44
Random best tiles: [256, 64, 128, 64, 64, 64, 128, 128, 64, 128, 128, 64, 128, 128, 64, 128, 64, 64, 128, 32, 128, 64, 256, 64, 128, 64, 128, 128, 64, 64, 64, 128, 64, 128, 64, 64, 128, 128, 128, 64, 128, 64, 128, 64, 64, 32, 64, 128, 128, 32]
Random average tile: 97.92

Test started at 2015-11-23 15:54:19
Hidden layer topology: [20, 20]
Number of epochs: 40
ANN best tiles: [256, 256, 256, 512, 256, 512, 256, 64, 128, 256, 256, 512, 512, 256, 128, 256, 256, 128, 512, 256, 256, 128, 512, 128, 512, 256, 512, 512, 256, 256, 512, 512, 512, 512, 512, 256, 256, 256, 512, 512, 512, 256, 256, 256, 256, 256, 512, 256, 256, 512]
ANN average tile: 336.64
Random best tiles: [128, 128, 64, 128, 128, 64, 64, 128, 64, 128, 128, 128, 64, 64, 128, 64, 256, 64, 128, 128, 128, 256, 128, 128, 128, 64, 128, 64, 128, 128, 64, 128, 128, 128, 64, 64, 256, 128, 64, 64, 64, 64, 128, 64, 64, 64, 128, 32, 64, 32]
Random average tile: 104.96